1,1.5,1,1,1.5,0.5,1,1,1,2,0,0,1,yes
0,3.5,1.5,0,0,1,0,0,0,0,0,0,2,yes
0,1,2,0,2,0,1,0,0,0,0,0,2,yes
0,4.5,2,0,0,0,0,0,0,2.5,0,0,0,yes
0,1,0.5,0,2,0,1,0,6,3,0,0,2,yes
0,5.5,1,0,0,0,0,0,3,4,0,0,,yes
0,4.5,3,0,0,0,0,0,2.5,2,0,0,1,yes
0,4,4,0,0,0,0,0,3,3,0,0,0,yes
0,3,3.5,0,0,0,0,0,0,3,0,1,0,yes
0,1.5,1.5,0,0,3,0,0,1,2,0,0,2,yes
0,3.5,3.5,0,0,0,0,0,3,0,0,0,0,yes
1,4,3.5,0,0,2,0,0,7,2,0,1,1,yes
1,,1.5,0,0,0,1,0,3,1.5,0,0,1,yes
0,0,0,0,0,1,1,0,2,0,0,0,1,yes
0,2,0,0.5,0,0,0,0,1.5,2,0,1,1,yes
3,4,2.5,0,0,0,0,0,2.5,3,0,1,2,yes
1,1.5,0,2,0,0,1,0,3,3,0,0,1,yes
0,,,5,0,0,0,1,2,3.5,0,0,1,yes
0,1,0,0,0,0,0,0,0,2,0,0,0,no
0,3,2.5,0,0,0,0,0,1,2,0,0,0,no
0,2,2,0,0,0,0,0,1,1,0,0,1,no
0,1.5,1.5,0,0,0,0,0,0,1.5,0,0,1,no
0,3,2,0,0,0,0,0,0,1.5,0,0,0,no
0,2.5,2.5,0,0,0,0,0,1.5,1.5,0,0,1,no
0,3,2,0,0,0,0,0,1,1.5,0,0,0,no
0,2,1.5,0,0,0,0,0,0,0,0,0,0,no
0,1.5,1.5,0,0,0,0,0,0,0,0,0,0,no
0,2,1.5,0,0,0,0,0,1,1.5,0,0,0,no
0,3,2,0,0,0,0,0,1,1,0,0,1,no
0,2.5,2,0,0,0,0,0,0,0,0,0,0,no
0,2,1.5,0,0,0,0,0,0,0,0,0,0,no
0,1,0,0,0,0,0,0,1,0,0,0,0,no
