setenv("GNUTERM","X11")

x = [1 1 0.985507 0.978261 0.965217 0.949275 0.925466 0.907609 0.888889 0.865217 0.841897 0.822464 0.802676 0.785714 0.765217 0.744565 0.723785 0.700483 0.677346 0.656522 0.635611 0.614625 0.595463 0.576087 0.556522 0.535117 0.515298 0.496894 0.47976 0.463768 0.448808 0.434783 0.421607 0.409207 0.397516 0.386473 0.376028 0.366133 0.356745 0.347826 0.339343 0.331263 0.323559 0.316206 0.309179 0.302457 0.296022 0.289855 0.28394 0.278261 0.272805 0.267559 0.26251 0.257649 0.252964 0.248447 0.244088 0.23988 0.235814 0.231884 0.228083 0.224404 0.220842 0.217391 0.214047 0.210804 0.207657 0.204604 0.201638 0.198758 0.195958 0.193237 0.19059 0.188014 0.185507 0.183066 0.180689 0.178372 0.176114 0.173913 0];

y = [1 1 0.988304 0.982456 0.978947 0.976608 0.974937 0.973684 0.97271 0.97193 0.971292 0.97076 0.97031 0.969925 0.969591 0.969298 0.96904 0.968811 0.968606 0.968421 0.968254 0.967305 0.966438 0.965643 0.964912 0.964238 0.962963 0.961153 0.958863 0.95614 0.953594 0.95011 0.946305 0.942724 0.938346 0.934211 0.92935 0.924746 0.919928 0.914912 0.909713 0.904344 0.898409 0.892344 0.88655 0.880625 0.87458 0.868056 0.861439 0.854737 0.848297 0.84143 0.834823 0.82781 0.821053 0.814223 0.807325 0.800363 0.793339 0.786257 0.778832 0.771364 0.763854 0.756579 0.749258 0.741627 0.734224 0.72678 0.719298 0.711278 0.703484 0.695906 0.688536 0.679943 0.671579 0.663435 0.655502 0.647773 0.64024 0.632895 0]; 

plot(x,y);
xlabel( 'False Positive Rate' );
ylabel( 'True Positive Rate' );
title( 'ROC Curve' );


1	1
1	1
0.988304	0.985507
0.982456	0.978261
0.978947	0.965217
0.976608	0.949275
0.974937	0.925466
0.973684	0.907609
0.97271	0.888889
0.97193	0.865217
0.971292	0.841897
0.97076	0.822464
0.97031	0.802676
0.969925	0.785714
0.969591	0.765217
0.969298	0.744565
0.96904	0.723785
0.968811	0.700483
0.968606	0.677346
0.968421	0.656522
0.968254	0.635611
0.967305	0.614625
0.966438	0.595463
0.965643	0.576087
0.964912	0.556522
0.964238	0.535117
0.962963	0.515298
0.961153	0.496894
0.958863	0.47976
0.95614	0.463768
0.953594	0.448808
0.95011	0.434783
0.946305	0.421607
0.942724	0.409207
0.938346	0.397516
0.934211	0.386473
0.92935	0.376028
0.924746	0.366133
0.919928	0.356745
0.914912	0.347826
0.909713	0.339343
0.904344	0.331263
0.898409	0.323559
0.892344	0.316206
0.88655	0.309179
0.880625	0.302457
0.87458	0.296022
0.868056	0.289855
0.861439	0.28394
0.854737	0.278261
0.848297	0.272805
0.84143	0.267559
0.834823	0.26251
0.82781	0.257649
0.821053	0.252964
0.814223	0.248447
0.807325	0.244088
0.800363	0.23988
0.793339	0.235814
0.786257	0.231884
0.778832	0.228083
0.771364	0.224404
0.763854	0.220842
0.756579	0.217391
0.749258	0.214047
0.741627	0.210804
0.734224	0.207657
0.72678	0.204604
0.719298	0.201638
0.711278	0.198758
0.703484	0.195958
0.695906	0.193237
0.688536	0.19059
0.679943	0.188014
0.671579	0.185507
0.663435	0.183066
0.655502	0.180689
0.647773	0.178372
0.64024	0.176114
0.632895	0.173913
