0	10
0	12
0.000481343	64
0.00088422	70
0.00117167	58
0.0025352	65
0.00297841	69
0.00351838	66
0.00389172	68
0.00411875	78
0.00474822	73
0.00563176	71
0.00571291	57
0.00571291	75
0.00656256	61
0.00677724	60
0.00782075	62
0.0169409	79
0.0207955	63
0.0231726	77
0.0248071	67
0.0272624	0
0.0275444	74
0.0620451	76
0.0926331	59
0.101914	72
0.198587	39
0.471743	6
0.590675	23
0.688475	1
0.832035	7
0.88098	43
0.904831	25
0.918187	40
0.933558	13
0.958841	20
0.95946	41
0.96133	34
0.974715	21
0.986569	45
0.992138	31
0.993034	42
0.993277	11
0.995762	18
0.996205	46
0.997969	54
0.997998	49
0.998073	17
0.99849	36
0.99918	4
0.999194	52
0.999438	51
0.999502	16
0.999531	47
0.999615	33
0.999627	32
0.999708	28
0.999726	44
0.999774	22
0.999793	8
0.999843	53
0.999851	14
0.9999	27
0.999908	5
0.999971	9
0.999991	15
0.999993	37
0.999995	55
0.999997	29
0.999998	19
0.999998	48
0.999999	30
0.999999	50
1	2
1	24
1	26
1	3
1	35
1	38
1	56
